45575.99894
45675.74568
45775.1765
45874.29479
45973.01298
46071.41474
46169.41613
46267.105
46364.47409
46461.52726
46558.27575
46654.61224
46750.64033
46846.43313
46941.83281
47036.91653
47131.6844
47226.1362
47320.27946
47414.10695
47507.61441
47600.81353
47693.70036
47786.27133
47878.53001
47970.55748
48062.26849
48153.66766
48244.75831
48335.52903
48426.07247
48516.22311
48606.13785
48695.82922
48785.20832
48874.27535
48963.0262
49051.54567
49139.75278
49227.73626
49315.40771
49402.84744
49489.97524
49576.79059
49663.37437
49749.73499
49835.78293
49921.60345
50007.11209
50092.38481
50177.35354
50262.09042
50346.6036
50430.88543
50514.85889
50598.51258
50682.03481
50765.23683
50848.21122
50930.95819
51013.3931
51095.60409
51177.58369
51259.34294
51340.86352
51422.15987
51503.15208
51583.91284
51664.4419
51744.74685
51824.82491
51904.67478
51984.30134
52063.6922
52142.86701
52221.80662
52300.43776
52378.92155
52457.17814
52535.21531
52613.02032
52690.5975
52767.94296
52845.05381
52921.96392
52998.63471
53075.17371
53151.39323
53227.44962
53303.30596
53378.91099
53454.3967
53529.558
53604.56135
53679.34776
53753.93854
53828.28536
53902.46957
53976.44605
54050.17856
54123.79574
54197.16548
54270.2881
54343.20677
54416.00121
54488.5609
54560.94582
54633.13783
54705.07891
54776.89656
54848.47468
54919.80977
54991.0166
55062.01584
55132.85957
55203.46083
55273.93774
55344.17205
55414.27829
55484.18039
55553.88427
55623.38047
55692.67162
55761.88141
55830.81
55899.65616
55968.25945
56036.6584
56104.89014
56172.99918
56240.90294
56308.64826
56376.14596
56443.5245
56510.74376
56577.7123
56644.5997
56711.19729
56777.76311
56844.11669
56910.23083
56976.26323
57042.08733
57107.71092
57173.25625
57238.55045
57303.72026
57368.65127
57433.54655
57498.18341
57562.71248
57627.06971
57691.2195
57755.21071
57819.0812
57882.78202
57946.32729
58009.74509
58072.96547
58136.01294
58198.90446
58261.67291
58324.23639
58386.71335
58449.04022
58511.14655
58573.09784
58634.92163
58696.58705
58758.13218
58819.50605
58880.76875
58941.86475
59002.74359
59063.55308
59124.1188
59184.68011
59244.95495
59305.19077
59365.21473
59425.0829
59484.87809
59544.45544
59603.91429
59663.29047
59722.42692
59781.51602
59840.36225
59899.16854
59957.72812
60016.24359
60074.52447
60132.75791
60190.8249
60248.77497
60306.47454
60364.13895
60421.63162
60479.05103
60536.30384
60593.35497
60650.3639
60707.24783
60763.88545
60820.44371
60876.87449
60933.15496
60989.37958
61045.40763
61101.35352
61157.13742
61212.79638
61268.29171
61323.66477
61378.95917
61434.0365
61489.04406
61543.88868
61598.72899
61653.28674
61707.80025
61762.18794
61816.41466
61870.56526
61924.50135
61978.40299
62032.2224
62085.79461
62139.33422
62192.70012
62245.94192
62299.1475
62352.06698
62405.06725
62457.78037
62510.45901
62563.01374
62615.3937
62667.74101
62719.84119
62771.98749
62823.88126
62875.69701
62927.46222
62978.99896
63030.48435
63081.84556
63133.12885
63184.25002
63235.24621
63286.15628
63336.95416
63387.66593
63438.2535
63488.67441
63538.93238
63589.18574
63639.3259
63689.33824
63739.22647
63789.04841
63838.69032
63888.21339
63937.65413
63986.96692
64036.20823
64085.31455
64134.34981
64183.2576
64232.0874
64280.79304
64329.33083
64377.82521
64426.24613
64474.41079
64522.63324
64570.72304
64618.60758
64666.49083
64714.21106
64761.85316
64809.36392
64856.80751
64904.07618
64951.34103
64998.41117
65045.44209
65092.33255
65139.15674
65185.9029
65232.42791
65278.96464
65325.37597
65371.66224
65417.91312
65463.95101
65509.94965
65555.87766
65601.66486
65647.38327
65693.01463